Sample	Uniq_Mapped_Reads	Gene_Rate	Ambiguity_Rate	No_Feature_Rate
R1	34060708	80.25	 4.75	15.00
R2	33444783	82.44	 4.81	12.75
R3	34587901	79.39	 4.56	16.05
R4	32792470	82.42	 4.84	12.74
R5	26509694	81.76	 4.81	13.42
R6	32984639	83.17	 4.97	11.86
R7	32258277	78.20	 4.35	17.46
R8	38345133	82.91	 4.74	12.35
R9	34556240	77.25	 4.26	18.49
R10	39010500	82.13	 4.69	13.18
R11	31726832	80.17	 4.52	15.32
R12	34067425	82.82	 4.70	12.48
